,u1_mean,u1_var,u1_rms,u1_zcr,u1_skew,u1_kurt,u1_dom_freq,u1_spectral_centroid,u1_spectral_bandwidth,u1_spectral_entropy,u1_energy,u1_energy_ratio,u2_mean,u2_var,u2_rms,u2_zcr,u2_skew,u2_kurt,u2_dom_freq,u2_spectral_centroid,u2_spectral_bandwidth,u2_spectral_entropy,u2_energy,u2_energy_ratio,u3_mean,u3_var,u3_rms,u3_zcr,u3_skew,u3_kurt,u3_dom_freq,u3_spectral_centroid,u3_spectral_bandwidth,u3_spectral_entropy,u3_energy,u3_energy_ratio,u4_mean,u4_var,u4_rms,u4_zcr,u4_skew,u4_kurt,u4_dom_freq,u4_spectral_centroid,u4_spectral_bandwidth,u4_spectral_entropy,u4_energy,u4_energy_ratio,omega1,omega2,omega3,omega4,omega_weighted_mean,omega_spread,v_num_jumps,v_jump_mean,v_jump_max,v_jump_std,v_total_variation,v_energy,u1_perm_entropy,u1_sample_entropy,u1_kraskov_entropy,u2_perm_entropy,u2_sample_entropy,u2_kraskov_entropy,u3_perm_entropy,u3_sample_entropy,u3_kraskov_entropy,u4_perm_entropy,u4_sample_entropy,u4_kraskov_entropy
u1_mean,1.0,0.013825807055595178,0.012535385934347007,-0.004452312480846204,-0.005539186203449849,0.00047851882377507337,-0.0038073130578987198,-0.006544748033064955,-0.0022269833710948507,-0.0031595515205193703,0.008450677132333844,0.027971514714913867,0.6609045840100594,-0.013340466497138312,-0.011544234393549447,0.0067911471333910525,0.004470231970740915,0.022578515670129765,0.007028201390990937,0.007137639870666444,0.008721515395529593,0.009299016038847635,-0.012249419348272627,-0.019986395011705793,-0.21681590752323604,-0.01493313856846625,-0.015375128415512794,0.007337346977337718,-0.0008890410597542495,0.0080850778522154,0.008481431760712175,0.008642948246725353,0.016266888209774476,0.010283918232438039,-0.012933382012803673,-0.019178774485914176,-0.40113221145396905,-0.014288439284393698,-0.01034039058483455,0.004382118071971236,0.0013342739086426479,-0.0047931605272903055,0.00570535160798881,0.005017496034833861,0.018208358013600767,0.0016760246216651713,-0.011897313758413332,-0.005764881558015158,-0.0041676324767059795,0.006123638351288114,0.0074846799483167335,0.004320975236678444,-0.0026872444785296804,0.006650446010358678,-0.005507564110203725,0.011413324995586034,-0.012116487398525793,-0.0132105872464093,0.0005408449789398842,-0.00036466209832838604,-0.005562325343658023,0.01048231094982914,0.008288881713785811,0.008208661554048282,-0.012440574062544014,-0.007865689839764869,0.011535451758947156,-0.0050236478943630775,-0.008551763500759597,0.0046027776302198795,-0.014896142600142149,-0.0050106094875929565
u1_var,0.013825807055595178,1.0,0.915220511432006,0.06400953032661066,0.05223588973495277,-0.11517969671947177,0.06842178140185252,-0.005709972264523779,-0.20031402066158713,-0.10297163794197131,0.8931087620220678,0.14669944700284573,0.0023554216587114065,0.822597036245799,0.7736388313755198,-0.02592515282964867,6.114975878460184e-05,-0.15910345209397686,-0.02464275069978219,-0.04683216090965213,-0.14503026677018266,-0.13216266796617201,0.7494744377006297,-0.06030781281255948,-0.04268809049378313,0.6360277406549534,0.6790741546526962,-0.09473293095517137,-0.010560498764268502,-0.2025657780993111,-0.0944856673504768,-0.10426119965560733,-0.11531454283716683,-0.16999630893354284,0.6036797641416943,-0.07482913512968979,-0.0044545290104957905,0.4594814274832953,0.558190176875241,-0.17635171059107635,-0.0021025321939383704,-0.23446539485224557,-0.17618426108072818,-0.18247495287552148,-0.13195509798711405,-0.17095000564606974,0.47218607637460597,-0.08974444852911088,0.06740469762478482,-0.0256105135212982,-0.0946664199962035,-0.17684571585966338,-0.08322095699302313,-0.22470795602494034,0.607745556412487,-0.1513519335561079,0.08187664377143286,-0.21705179328150948,0.6467839662909749,0.6471944159665596,0.04683467567826613,0.012931750505788868,0.6291444044213717,-0.019739302300440128,0.06316682552959897,0.5659342987511249,-0.09160177984080718,0.12872982680206962,0.5818801478572551,-0.16692700756246,0.18673935567718467,0.5905703487515837
u1_rms,0.012535385934347007,0.915220511432006,1.0,0.008279261322908267,0.08483606479777246,-0.1884811645387898,0.015473599396991807,-0.08937905830019832,-0.24810474776293232,-0.17638309330610832,0.8176167307064228,0.22945591763380044,0.014804030953836743,0.7287631081091908,0.826527723589502,-0.10204939045598081,0.010648070579622127,-0.24702896450474096,-0.10018702187706106,-0.1298250006857367,-0.17245360399954932,-0.1977649465131143,0.6646090936801562,-0.08863995502441234,-0.040428082409295116,0.562494578364904,0.7217307699850211,-0.1803194317059762,-0.009254739375530507,-0.30774410806202684,-0.17974677233738443,-0.19233764481272192,-0.13328909570666206,-0.23886962545593715,0.5411073462473658,-0.12684475659588104,0.001069131894713793,0.4047594355395058,0.5858127790087359,-0.261065249025163,-0.0030657542169704117,-0.34321052754420306,-0.260986202272435,-0.26936566757263164,-0.15754574628805149,-0.224100154020851,0.42019698997327604,-0.1382518521071159,0.013041258479040304,-0.10193201089738402,-0.18033888629041683,-0.26162274726750356,-0.16200115243775165,-0.29254096558709014,0.5287918334438604,-0.24303015165902925,0.08284603557143483,-0.2263931667889164,0.5120737110589658,0.47344275651411705,-0.022478052487358062,0.05761748273954146,0.8295555620933017,-0.10156656355532204,0.1161012924070278,0.7290706691396184,-0.18872822470442624,0.19184343985992094,0.7410199378195992,-0.2625796794779914,0.250249640406341,0.7394860486529125
u1_zcr,-0.004452312480846204,0.06400953032661066,0.008279261322908267,1.0,0.088317695162214,0.4232914305096024,0.9977622828560174,0.9183664344922429,-0.358119275242007,0.583192308171683,0.0648272267309641,-0.3016296732501609,0.00523552839877738,0.16639638162616555,0.11351186512374124,0.7406501288947004,-0.012138588275649058,0.3198249423074602,0.7356254873206681,0.7298182524532933,-0.18102903964875977,0.25430501093586627,0.16774469268452638,-0.16009422850956884,0.01095970722972134,0.21267146555438407,0.20560941812475658,0.5727573879231772,-0.0006875526804622923,0.22489612616221422,0.56841120384286,0.5710472841310752,-0.15929420164604968,0.10783921481777149,0.21270631235939197,0.21396661998241276,0.003075041247976733,0.2609512519337265,0.29906049055603595,0.41523215628167665,0.05401546785892918,0.16660515482255264,0.41168812060666826,0.4162135980265252,-0.19951991759442256,0.011951629031040927,0.27803632682147994,0.39760843949721925,0.9994650885754806,0.7386643171179362,0.5712026206190096,0.4129746447138608,0.6920507937608936,-0.0076484781632105495,0.22514987213850557,0.10069070536398356,0.252455379511624,0.11227194536599677,0.1364736509737365,0.14712112659257587,0.9808314930434366,-0.4830043808997201,-0.32256633951279234,0.7354646961786518,-0.44326215705551714,-0.2163402633266685,0.5610028151950602,-0.3515364812810334,-0.089530720874118,0.36843385219547725,-0.27596217169696763,0.028022339422791226
u1_skew,-0.005539186203449849,0.05223588973495277,0.08483606479777246,0.088317695162214,1.0,-0.0480178160637541,0.09237991651165607,0.015281282350509195,-0.1597287250706092,0.0841162485957894,0.0495877104569614,0.03130107150943449,-0.005889623205716445,0.04209943050387193,0.06594852754555551,0.044433569466930736,0.17751701902065617,-0.010282918489625346,0.045308554569662665,0.03905250779111969,-0.03150167375416791,0.05700731498650164,0.04236776403920442,-0.059642140809526595,-0.007823584050811287,0.038674351122303,0.06736740292212766,0.02175597156214613,0.026715472833759964,-0.0174479614872259,0.022029763934148273,0.01965236313602413,-0.03179292846288874,0.037817339069327986,0.04015152587592074,-0.012825964474203264,0.01247455826750738,0.033111197633396816,0.06316466678672744,0.004339415152812162,0.009320080149353116,-0.000987817878738927,0.0030323454217646003,0.0043388510172921455,-0.026800614111945485,0.03804570438412521,0.03528860381708523,0.020952353283171892,0.09216107308967252,0.04432585970139595,0.02188500269846277,0.004167117606913984,0.03648351673271469,-0.037848581430548395,0.029516161350798154,-0.027048573084535583,0.03929708857269291,0.004592907299907092,0.028707826536866488,0.017780057239095207,0.06759646325114914,0.02809264099055518,0.09440433763289205,0.05051619131546779,-0.03352597517095046,0.04882716568713734,0.019998540619213287,-0.03506595150109447,0.059831772171795986,-0.003050108133465927,-0.03394822219490277,0.062128447695300515
u1_kurt,0.00047851882377507337,-0.11517969671947177,-0.1884811645387898,0.4232914305096024,-0.0480178160637541,1.0,0.4199080688516492,0.46331721038095713,-0.02273571076992334,0.32329740913171634,-0.08918685393204201,-0.21133443856687856,-0.0074024254082040225,-0.02702551978164949,-0.09784471572896798,0.37289876138181766,-0.03933397504508937,0.6057121396081557,0.36982985213261155,0.38188201089185375,-0.03100574357097628,0.192542824353376,-0.0034128950052368617,-0.047301299894223485,0.009428299170522004,0.014428038045696428,-0.03960857456584614,0.32022424155249823,0.07996896440150177,0.40443389651893924,0.3191566826105422,0.3246750198411832,-0.04509194708764482,0.1486455472927331,0.033760170610135226,0.1377414629790436,-0.005692721550725336,0.07371024561624794,0.03523140105452498,0.23515081688330458,0.04086976480175582,0.3689438763298837,0.2343447638639014,0.2386697695409207,-0.06682817793882022,0.09716890975517777,0.10513140234621685,0.22877441634436185,0.42242641987253293,0.3731410358851244,0.32044651765636506,0.23420072109273435,0.35963637830182266,0.0621048648775899,0.02023411038673079,0.1120068171640891,0.13375673366180144,0.12271805574818329,-0.015583900095834434,0.00774764093790348,0.416677985026241,-0.4694808019423541,-0.49910793764635775,0.34802023397844156,-0.38940095289453813,-0.40903752916290986,0.2982253055483982,-0.34666797339569655,-0.35354316263874713,0.205014082698207,-0.30359138600753466,-0.3045074713464846
u1_dom_freq,-0.0038073130578987198,0.06842178140185252,0.015473599396991807,0.9977622828560174,0.09237991651165607,0.4199080688516492,1.0,0.9124517925438537,-0.3656425046830099,0.5797003026905453,0.0681575777709962,-0.2897217171379822,0.005805143773408161,0.16570570326587475,0.11420469093962278,0.7327633199226107,-0.011003099672934797,0.316003218811633,0.7278045257835701,0.7216220787543617,-0.1812477870612881,0.24995383780374458,0.16613950461689342,-0.1656560079057193,0.010855621756729217,0.2104348433636012,0.20468318981146658,0.5644654440044422,-0.002435172817160075,0.22220872010422488,0.5601501552013969,0.5627570265090713,-0.15807816121639517,0.10387229554772341,0.20985011332581754,0.20723642664963446,0.0028084935450026194,0.257748389221762,0.29688104456309067,0.40689967034449864,0.055912072070273,0.1641450068304354,0.40336363701900707,0.4078610689551746,-0.1983599994300718,0.009488560659547016,0.27401167208227684,0.39141554520159527,0.998156703611172,0.7307979672649861,0.5629109873150971,0.40465073709930177,0.6837487870979283,-0.016163024991670456,0.22319953899055106,0.09733120679880625,0.2482772237141154,0.10989610708711996,0.1351534308143916,0.14611680253248985,0.9772028809088443,-0.4789663013764768,-0.3132044336859877,0.7291512309880692,-0.4409275606758529,-0.21299315797790636,0.5535574978521232,-0.3473115404759493,-0.08637091982958728,0.3608195332925423,-0.27146318862526314,0.030636763564022233
u1_spectral_centroid,-0.006544748033064955,-0.005709972264523779,-0.08937905830019832,0.9183664344922429,0.015281282350509195,0.46331721038095713,0.9124517925438537,1.0,0.0224252318479623,0.5085933966008342,-0.004562679861977155,-0.34451924223291713,0.005186565330900596,0.1204073653448013,0.04540088812296822,0.7121345099994363,-0.03956989747181883,0.3371691679910983,0.7070227547430198,0.7237952254123408,-0.05175178728126807,0.21675853714989216,0.1196116171901933,-0.11140029121914485,0.012633130160486386,0.17713414216921763,0.14194152272216176,0.5708742276222849,-0.0038424908348827815,0.2548868730159954,0.5667930544617438,0.5778228951909168,-0.0682465569971951,0.09378060529087753,0.17217536739471567,0.23347659870395424,0.0021404479626590195,0.23508998035190756,0.24365070749316084,0.4371765443446872,0.048887486534028704,0.20281364300139856,0.43425452780982754,0.4418431266947299,-0.11901803207896501,-0.006110281590693685,0.24547703488615769,0.397425368856992,0.9157833772457319,0.7105181867817513,0.5694608027873869,0.435242470885483,0.6762872460748229,0.05525047183948672,0.17686605687852616,0.13048234432695427,0.2237406729390811,0.12112201917465361,0.09590003009753259,0.11539076297795646,0.901822867274443,-0.5212696617380845,-0.4086716123558109,0.6947594948121256,-0.44183896488282115,-0.2766339131602273,0.5535647803803049,-0.369729980872733,-0.16416631752991775,0.3898194411366166,-0.303789296388058,-0.05903886319078445
u1_spectral_bandwidth,-0.0022269833710948507,-0.20031402066158713,-0.24810474776293232,-0.358119275242007,-0.1597287250706092,-0.02273571076992334,-0.3656425046830099,0.0224252318479623,1.0,-0.2687730727139546,-0.1987265676541453,-0.0324174494211911,0.0023176569701715893,-0.1683614207933086,-0.20382440620909156,-0.21489661178403063,-0.04590444560135446,-0.036908819093394656,-0.21492729908384114,-0.1598865670296706,0.35222742375188215,-0.13181285297379147,-0.17229363199830547,0.13828140986872606,0.002592473705684981,-0.14991251616057766,-0.21196008805996996,-0.1257021498565829,-0.012402926285685041,0.017442184999493654,-0.12442405826575084,-0.10320617403352825,0.2713309823961039,-0.045201817267992626,-0.1615984966251627,-0.004456301627650956,-0.0034243613894155076,-0.1350710919823313,-0.211056775272467,-0.03663290868474866,-0.020139830114913965,0.043908826935412516,-0.034837747407120895,-0.02720017736942092,0.24589423646126335,-0.03294801930755041,-0.15783185089090285,-0.07793569844645289,-0.36414773792145866,-0.2139720820321325,-0.12513682556780523,-0.035425941334941584,-0.17054090839123115,0.1287811001132961,-0.18325401019119694,0.036808724176808555,-0.12751121924535236,0.00356615548276002,-0.14926923302413062,-0.1291481825284957,-0.34849177089117417,0.030241211030958434,-0.1373271510841994,-0.23969018296247438,0.11235094874255419,-0.09578679635936316,-0.1355518288133863,0.04990770397558305,-0.15299428002148205,-0.03228951010218353,0.005606212183353239,-0.20699490354443906
u1_spectral_entropy,-0.0031595515205193703,-0.10297163794197131,-0.17638309330610832,0.583192308171683,0.0841162485957894,0.32329740913171634,0.5797003026905453,0.5085933966008342,-0.2687730727139546,1.0,0.03308913645250711,-0.26107156163591666,-0.014561487287385606,-0.037418156414491976,-0.0950503330159785,0.5066954023141359,0.017514314452168042,0.32502478352773284,0.5051360355161838,0.48617964107796063,-0.16822225201017088,0.7325651232296426,0.08434644942837753,-0.10231369430420634,0.00992362598825831,0.01603102978005326,-0.012635832014299325,0.4254764888175346,0.012647505076372785,0.29867192989401126,0.4230362771989246,0.4186844831729802,-0.13820880781826028,0.6375210147835206,0.1169876373261732,0.190893916597957,-0.003714425098512023,0.04919514131127998,0.06365362952666659,0.3575773236469827,0.030411224328728153,0.2896665389258783,0.3567719978728685,0.3592215520629219,-0.11036633211391708,0.5874610177269349,0.1390933001552998,0.30702395439319097,0.5835952983082054,0.5055556249563123,0.42455375099682274,0.35661482040368014,0.5011003045591564,0.12200753535907437,0.1726481460490068,-0.002704519542129966,0.17354278408725393,0.08834766835456323,0.10345242581659028,0.08106408757490255,0.6166567914602312,-0.11306547866404391,-0.40141866563170103,0.5467757929152715,-0.20638689484870398,-0.3314383122493127,0.4562290274519936,-0.19075188181996466,-0.2496729618863087,0.354184580044392,-0.18271434831487504,-0.1707835681083948
u1_energy,0.008450677132333844,0.8931087620220678,0.8176167307064228,0.0648272267309641,0.0495877104569614,-0.08918685393204201,0.0681575777709962,-0.004562679861977155,-0.1987265676541453,0.03308913645250711,1.0,0.13210458735505032,-0.005521567097986131,0.7306873384447061,0.6881897141503021,-0.011055340121813582,0.00299820168809677,-0.12962018868415773,-0.009994138882721347,-0.03302314252340315,-0.15784140731570634,0.026727064863307448,0.8439738610121462,-0.06166381969236426,-0.032323993708720224,0.5535804410960898,0.6030535140976915,-0.07155261364338412,-0.006710535128916583,-0.16768375267472047,-0.07130536235525987,-0.08209308921611932,-0.1309724915680187,0.004914562306787797,0.6817603002301007,-0.06790070708950019,-0.000753363519283039,0.4086822805518314,0.5020687413694859,-0.1408927842775734,-0.0007296313821851249,-0.19213485763644145,-0.14062153945438088,-0.14671628654444718,-0.13092309237961508,0.01220068030524552,0.5407413840293825,-0.07375936334010795,0.06737528754063887,-0.010724316501667188,-0.07154480819767517,-0.14140075978208985,-0.06304095487787671,-0.18587373190164047,0.7295004676635777,-0.12390274740939027,0.097193776756375,-0.18872995113024016,0.7846080000809795,0.7739461994705542,0.05222668329356252,0.055345410026334765,0.5503370504130187,-0.0030626362429732232,0.09525668986488182,0.49115434214650766,-0.0657082603426094,0.15238657008512738,0.5049023631007994,-0.12959216934420867,0.2043404406341395,0.5123447584900767
u1_energy_ratio,0.027971514714913867,0.14669944700284573,0.22945591763380044,-0.3016296732501609,0.03130107150943449,-0.21133443856687856,-0.2897217171379822,-0.34451924223291713,-0.0324174494211911,-0.26107156163591666,0.13210458735505032,1.0,0.013624344816618884,-0.16558439637840397,-0.20623535162180684,-0.26958037760825243,-0.03154329749588679,-0.18826211964965267,-0.26671934649755613,-0.2685518206027614,0.09100619840128489,0.09114492023112022,-0.14911037480499817,-0.38180949759475036,-0.01908836243334917,-0.2515807684412464,-0.31454131103821653,-0.2243349272278198,-0.014588616074251807,-0.11441133055658913,-0.22294577395601595,-0.22306960871471732,0.15362037712450935,0.1449138876227688,-0.24069487851825774,-0.6390214296434718,-0.007733261362658806,-0.3066054377465435,-0.3754594439157195,-0.1348575459653493,0.009165702381407764,-0.09152752722339097,-0.13362696714549374,-0.1327628486065379,0.2358689080187296,0.1671900452867414,-0.3020114446032868,-0.5425687037396141,-0.29760872202070954,-0.2691705375025289,-0.22452490798736321,-0.13379349450101127,-0.5222780513432169,-0.00957614351199264,-0.15203987984045633,-0.11896517958138779,-0.218411496106462,-0.05308985526776452,-0.07969986720167208,-0.08929996580147312,-0.34428777629898477,0.16623555225641054,0.3314561861465448,-0.2120777493083803,0.23285293504079918,-0.03744650655568941,-0.13600820809317482,0.2473221607758558,-0.07576478897026621,-0.0193256669176582,0.23354782828199647,-0.10130759646394975
u2_mean,0.6609045840100594,0.0023554216587114065,0.014804030953836743,0.00523552839877738,-0.005889623205716445,-0.0074024254082040225,0.005805143773408161,0.005186565330900596,0.0023176569701715893,-0.014561487287385606,-0.005521567097986131,0.013624344816618884,1.0,-0.01637451141929505,-0.0011623822055688998,0.004177318502697292,0.00861788741549388,-0.016016208174290992,0.004086870093288797,0.004104582116127147,0.006200539118417318,-0.010472903509434889,-0.019173642710764688,-0.01741153573059941,0.057361119288048386,-0.004893032367476383,-0.0012259824526674532,0.008335346015958736,0.0007578909003827624,-0.010826917316029593,0.01004303111901423,0.008165077745837655,0.003048897126451814,-0.011150506349944536,-0.007263039261321254,-0.015851256055371354,-0.5207624540125142,0.014979918070743089,0.016397331716386496,-0.0005282503611222686,-0.00041099206474494687,-0.002216428725079361,0.0004276467948619539,0.0008646218320031111,0.013496139174655832,-0.02464645895978059,0.0012466682516688208,0.008990747604083412,0.005860425925582099,0.0034128976397849653,0.008560066237378221,-0.0005169463013470833,0.0038179534139832234,-0.003263150451585207,-0.00041058515096904156,0.0030035468781058217,-0.020431806973586687,-0.020163526717971336,-0.015637977565760186,-0.020268313222267163,0.005708371315821123,0.00044036778315143703,0.014914059201661093,0.007569810043423026,-0.011678820044854316,0.003766620878806471,0.014549153612384626,-0.017771958504992934,0.002542163895050451,0.0014094591498172392,-0.02328893310929803,0.007080318488662451
u2_var,-0.013340466497138312,0.822597036245799,0.7287631081091908,0.16639638162616555,0.04209943050387193,-0.02702551978164949,0.16570570326587475,0.1204073653448013,-0.1683614207933086,-0.037418156414491976,0.7306873384447061,-0.16558439637840397,-0.01637451141929505,1.0,0.9065455304127527,0.11871514503588222,0.0021427032496050317,-0.08437907774067542,0.11931017669200887,0.0998819243288016,-0.1974098187612609,-0.19808315684429914,0.9028366762724767,0.1618495621477131,-0.03230231683259607,0.8262579104409836,0.8074998888233417,0.007066169951860833,0.027827053976949585,-0.15281448960474667,0.006426444329071803,-0.0018266281462289936,-0.16770085058047457,-0.22556142524682293,0.7760475222243964,0.10205475718596223,0.012461997843821552,0.6082631975098072,0.6694963424400019,-0.09862750885587898,0.003083733629769246,-0.18755530803841722,-0.09862274387069912,-0.10487475637186595,-0.19434233039283233,-0.22429960881055294,0.613165984643262,0.0031571498784947376,0.1680302724193778,0.1190302296097224,0.0070481982369337,-0.09930391275131076,0.07907193162580814,-0.18608910596380474,0.6422381993342856,-0.03701467026341339,0.1988781375995737,-0.16396529385658593,0.6457098819740298,0.6579533597026371,0.1503301240250507,-0.0704220608592693,0.4556066593591975,0.07169593101848422,-0.07564036149489753,0.5147192377328611,-0.032266484827926774,0.024101726816502782,0.5278745849157257,-0.12756072403944427,0.09059441988678318,0.5364010750188313
u2_rms,-0.011544234393549447,0.7736388313755198,0.826527723589502,0.11351186512374124,0.06594852754555551,-0.09784471572896798,0.11420469093962278,0.04540088812296822,-0.20382440620909156,-0.0950503330159785,0.6881897141503021,-0.20623535162180684,-0.0011623822055688998,0.9065455304127527,1.0,0.013762842550262241,0.015732491528833947,-0.16839468871613172,0.01488987717316822,-0.013002339895570323,-0.2299336707074341,-0.3082652016866374,0.8199562936406661,0.2515372800074428,-0.033807736707800844,0.7383293557168332,0.8752710916488342,-0.1132554091439617,0.026470908561640655,-0.2750772098538271,-0.11352125644744747,-0.12527864732007812,-0.19026919855990215,-0.3185713901718151,0.7033491433295165,0.10939906787322112,0.014731027522954819,0.5511993807472866,0.7167523724658991,-0.21841734664122148,0.0068726759639059064,-0.3151080910880012,-0.21830556995665967,-0.22767456534939406,-0.22876341785168897,-0.29011765733965655,0.5612981494273603,-0.02823228899320599,0.11617442792247015,0.0139435343045046,-0.1133589613675582,-0.21911683215951464,0.0027805850960348727,-0.29344877416520176,0.584305509460126,-0.1506571965519353,0.18973536008363961,-0.1939370841096308,0.5320700646472171,0.5067019840925039,0.09198339923904497,-0.016730529578165707,0.6508433936951841,-0.04213946012126578,-0.014704222168241956,0.7432670494606681,-0.16924708423152077,0.10531212545649987,0.7429505486296326,-0.26445473936238784,0.17532149609712766,0.7344111286721329
u2_zcr,0.0067911471333910525,-0.02592515282964867,-0.10204939045598081,0.7406501288947004,0.044433569466930736,0.37289876138181766,0.7327633199226107,0.7121345099994363,-0.21489661178403063,0.5066954023141359,-0.011055340121813582,-0.26958037760825243,0.004177318502697292,0.11871514503588222,0.013762842550262241,1.0,-0.02411911010727758,0.5085375140265826,0.9986945281706496,0.9865696028673777,-0.21242310212231316,0.4432413544115448,0.12392703463056531,-0.34629147464514504,0.0154399260390402,0.26460502730029406,0.1948798650945834,0.8374213630686117,0.03340633914214906,0.376434305302219,0.8332477628322523,0.8341746848128315,-0.2073189544956328,0.19307653485385975,0.25765702599039264,0.22047898069623362,-0.013001249715067602,0.3638028705819661,0.3449143884271069,0.649197332812554,0.03722306167912903,0.2809447795728561,0.6450262485855085,0.6503317990118263,-0.26307368042936885,0.03661430863300991,0.3643237174146668,0.517987880677062,0.7371479090791712,0.9997999937140162,0.8357666950494537,0.6466943470537462,0.8476183725091848,0.3690488898848837,0.19875161573477246,0.17258590999566137,0.3208735025182431,0.20054219050103264,0.1324833590352063,0.1323058289748478,0.7417075517511172,-0.3797487357811394,-0.3566196269824984,0.9750570984964557,-0.6034846366437097,-0.4388485352306963,0.802018929291136,-0.5473574176372755,-0.2841771470467241,0.5615109976728959,-0.45434692582022895,-0.11930811272508551
u2_skew,0.004470231970740915,6.114975878460184e-05,0.010648070579622127,-0.012138588275649058,0.17751701902065617,-0.03933397504508937,-0.011003099672934797,-0.03956989747181883,-0.04590444560135446,0.017514314452168042,0.00299820168809677,-0.03154329749588679,0.00861788741549388,0.0021427032496050317,0.015732491528833947,-0.02411911010727758,1.0,-0.027239631045159515,-0.022654433689487972,-0.02265091986910512,0.006213316022913398,0.01061403907314196,0.004286527206081041,0.021303429196136318,0.0058774080604610335,-0.003112562747017973,0.011353309333076048,-0.032248395400232166,0.09046157755309538,-0.012405698265626701,-0.03263482759170502,-0.03262179115257335,-0.007495978092033722,0.014112343352711046,-0.0005971915746892097,0.012530834216021677,-0.010477568247912355,0.005165165560748555,0.013711144273064454,-0.034135669746555,-0.0019875591548559656,-0.018181778638236962,-0.03340658080203971,-0.03304137691076508,0.0015997704825012158,0.01489933796750904,0.004518111498764557,0.014377593097283288,-0.010606813273202181,-0.023469517894826444,-0.031903999067573525,-0.03367334576686608,-0.011005190124595629,-0.0319990927497644,-0.007119637275234801,-0.04375565443592362,-0.00922578368162451,-0.007304754714717902,-0.0036300980403418,-0.007247522417897835,-0.021795317962222175,0.06593430716753501,0.03361730836230947,-0.015955541936788983,0.006442553250376368,0.02616428875587331,-0.02682798587432894,-0.01887804473258381,0.019608266602348493,-0.026439242817649318,-0.025376663664800608,0.013575700424654473
u2_kurt,0.022578515670129765,-0.15910345209397686,-0.24702896450474096,0.3198249423074602,-0.010282918489625346,0.6057121396081557,0.316003218811633,0.3371691679910983,-0.036908819093394656,0.32502478352773284,-0.12962018868415773,-0.18826211964965267,-0.016016208174290992,-0.08437907774067542,-0.16839468871613172,0.5085375140265826,-0.027239631045159515,1.0,0.5100725905344747,0.5134592125855665,-0.05848624224852707,0.31477767596898903,-0.06004174724502857,-0.17753269460429044,0.01600731584652536,0.009907694136387145,-0.05901469231489467,0.44327318178724684,0.06234754358120769,0.6619046086238636,0.44220364898466313,0.4465966384640886,-0.07444334627330233,0.19542552656256576,0.022684226662890654,0.16548225864531882,-0.015410924870838229,0.08821293116049839,0.038464345580519296,0.330552024159915,0.050492524474954364,0.5378819456322436,0.32894914879519305,0.3337173089634001,-0.1079679764672995,0.12737450188627794,0.10318352922299179,0.2948567021090855,0.31908271349590683,0.5112193000385757,0.443602057149759,0.32926520064454334,0.44138087476315213,0.21378199051491079,0.014003541988189325,0.17594409023106697,0.18624926736403832,0.17586946846620727,-0.013969869233136074,0.0030186459861567686,0.31963783910643967,-0.30442357467273296,-0.4690983850219167,0.4980146598175202,-0.4937997087793821,-0.5606894783381785,0.4269119529153021,-0.4602527242656286,-0.47825268857728737,0.2942045346633077,-0.4018030542161759,-0.39962449947621054
u2_dom_freq,0.007028201390990937,-0.02464275069978219,-0.10018702187706106,0.7356254873206681,0.045308554569662665,0.36982985213261155,0.7278045257835701,0.7070227547430198,-0.21492729908384114,0.5051360355161838,-0.009994138882721347,-0.26671934649755613,0.004086870093288797,0.11931017669200887,0.01488987717316822,0.9986945281706496,-0.022654433689487972,0.5100725905344747,1.0,0.9851005827108881,-0.21299895920413736,0.4428678812529272,0.12445229121517046,-0.34543063211288527,0.014958005705240147,0.26394674529123424,0.19497895483158412,0.8313834020057868,0.0329396310777573,0.375724155780431,0.8272712147602993,0.8280235822343827,-0.20685224518738443,0.18946549453408787,0.2570778575773077,0.22092878395446913,-0.013013671788780708,0.36065205113032905,0.34242765178711176,0.6427854329999261,0.03690197135809187,0.2801420781770884,0.6385617782889884,0.643889666367423,-0.26130694789670716,0.03541458168311581,0.3613627184339565,0.5129717739338352,0.7322083170876835,0.9987996161136297,0.8297386092959439,0.6402896084931088,0.8418241261337532,0.3643073746021689,0.19753180932728376,0.16928640718595692,0.31755589439553805,0.19870512827625963,0.13160486434279517,0.13136746633387936,0.7361465116807768,-0.3757328932097894,-0.35329121346984643,0.9740899158402359,-0.6047689164023536,-0.43907096028248366,0.7968482097048663,-0.5472292168016072,-0.2837598150340626,0.5563204417086989,-0.4526759521943108,-0.11964446606170866
u2_spectral_centroid,0.007137639870666444,-0.04683216090965213,-0.1298250006857367,0.7298182524532933,0.03905250779111969,0.38188201089185375,0.7216220787543617,0.7237952254123408,-0.1598865670296706,0.48617964107796063,-0.03302314252340315,-0.2685518206027614,0.004104582116127147,0.0998819243288016,-0.013002339895570323,0.9865696028673777,-0.02265091986910512,0.5134592125855665,0.9851005827108881,1.0,-0.05865285711791056,0.43070824200864133,0.10381487766898469,-0.34738011804595886,0.015401114422113102,0.25020952057032014,0.1712338762676763,0.8307789402752145,0.03298552854127842,0.39010379692591746,0.8268468329654342,0.8343612336481593,-0.1381686774122981,0.18938725521583433,0.24088985755583858,0.2203089901563572,-0.013620844132489231,0.35405677137508446,0.3253669105092319,0.6470474123364592,0.03791082291358703,0.2942433193436071,0.6427291103436965,0.6511019211823091,-0.20841027023075273,0.03076167891616079,0.3515860246464677,0.5176992669695017,0.7262008015904653,0.9867052584017473,0.8291925828217429,0.6445677694648061,0.8403544386984417,0.37175764382060045,0.18024544899091904,0.18489819137233965,0.3113812769643519,0.20399717563889766,0.11763625647392933,0.12015445387844151,0.7305245451410406,-0.38975950406231447,-0.382041519848892,0.9566381507860288,-0.607721694599516,-0.4598700026634312,0.7929967837445303,-0.5535405087513318,-0.30911763330460545,0.5590173235572664,-0.46360964426727086,-0.14615576081211953
u2_spectral_bandwidth,0.008721515395529593,-0.14503026677018266,-0.17245360399954932,-0.18102903964875977,-0.03150167375416791,-0.03100574357097628,-0.1812477870612881,-0.05175178728126807,0.35222742375188215,-0.16822225201017088,-0.15784140731570634,0.09100619840128489,0.006200539118417318,-0.1974098187612609,-0.2299336707074341,-0.21242310212231316,0.006213316022913398,-0.05848624224852707,-0.21299895920413736,-0.05865285711791056,1.0,-0.09290473944622679,-0.20612147861431712,-0.005020498189705683,-0.0012487331042373977,-0.19080519680297747,-0.23218301484672096,-0.15866519642822505,-0.021634697040372464,0.015472323918852377,-0.1569950484177241,-0.11897148419364613,0.46391418326377415,-0.033918308351480776,-0.2046778990440813,-0.062369726046659114,-0.005184160188915383,-0.16824823159231075,-0.21819573539532633,-0.10708757591585258,-0.005249003795807124,0.02866479170993202,-0.10739679508904365,-0.08951874190297501,0.38419261407885885,-0.02664826554018357,-0.1908143574984656,-0.07321446300915387,-0.1810286260595492,-0.21233850402199125,-0.15835591843448088,-0.1066359569272092,-0.1736049572032071,-0.03348237204859171,-0.17243002033555946,0.020988465221100965,-0.13768512658712725,-0.012433736593121934,-0.14312213078631372,-0.12491976968450201,-0.17659519697048492,0.02500403797963168,-0.10408255726714415,-0.2130519173884548,0.08997103349597908,-0.09016372784292635,-0.15378283605650045,0.07713167047801622,-0.11633515421495098,-0.09482487132966716,0.04334259305306684,-0.13992080284233877
u2_spectral_entropy,0.009299016038847635,-0.13216266796617201,-0.1977649465131143,0.25430501093586627,0.05700731498650164,0.192542824353376,0.24995383780374458,0.21675853714989216,-0.13181285297379147,0.7325651232296426,0.026727064863307448,0.09114492023112022,-0.010472903509434889,-0.19808315684429914,-0.3082652016866374,0.4432413544115448,0.01061403907314196,0.31477767596898903,0.4428678812529272,0.43070824200864133,-0.09290473944622679,1.0,-0.04515262932105753,-0.3736436452511001,0.007752766550163836,-0.12138932761842908,-0.19985946821784548,0.4554040033727737,0.012869791967673943,0.3493962584039707,0.4547059747141075,0.4474706119299928,-0.09847805317298212,0.8511027772559718,-0.0014316952467604003,-0.00578853346689766,-0.014940425713778991,-0.06594868608844935,-0.09681473353402734,0.43654729126043373,0.0014905059577202562,0.3443462443161518,0.4358646534186985,0.43862265910674153,-0.051712080920339375,0.7596174233079013,0.03218742062125172,0.21898582595833294,0.2519826466799316,0.4437382310634225,0.45478072436329314,0.4359698573831415,0.3614499306784306,0.36152854898354664,0.07589219479746626,-0.020920646177256055,0.0938548340806774,0.10090864491092405,0.05759135387578635,0.023573360059077727,0.27367604367359494,0.052172314966985475,-0.31100545520054057,0.5089296363531496,-0.1111391178418772,-0.4809014581324853,0.5192982265260713,-0.1720718725375653,-0.40457363832284426,0.46567995156778025,-0.19155605891647673,-0.3198504609652605
u2_energy,-0.012249419348272627,0.7494744377006297,0.6646090936801562,0.16774469268452638,0.04236776403920442,-0.0034128950052368617,0.16613950461689342,0.1196116171901933,-0.17229363199830547,0.08434644942837753,0.8439738610121462,-0.14911037480499817,-0.019173642710764688,0.9028366762724767,0.8199562936406661,0.12392703463056531,0.004286527206081041,-0.06004174724502857,0.12445229121517046,0.10381487766898469,-0.20612147861431712,-0.04515262932105753,1.0,0.13505341090396505,-0.024547121364637575,0.72979980209091,0.7297388783756248,0.020790683592232198,0.02466114884123203,-0.12356998705142812,0.02031077376224094,0.010887403256518062,-0.178515199245458,-0.060572287297928115,0.8521484387962684,0.09335299676687228,0.011839101823000325,0.5446238319423062,0.6120488832481198,-0.0721232064932865,0.00522356519705145,-0.1519805615577281,-0.07211422193536324,-0.0780873354229964,-0.18782153777147192,-0.05065695368777772,0.6830285934555769,0.011466129836900344,0.16863997082710255,0.1242164335031618,0.020676288108690453,-0.07289123028019784,0.08598034130484951,-0.15744149598107318,0.7693059785819295,-0.02472529267331799,0.2033209795932243,-0.14575299573493755,0.7847713483494128,0.7895971895932155,0.1544198909208626,-0.03244963965943449,0.39914157552879254,0.08305622487270636,-0.03589871688239365,0.4504128527391501,-0.0116262534849603,0.05327573996713531,0.4634202114515216,-0.09598958826871992,0.11273575333281903,0.47193290129460863
u2_energy_ratio,-0.019986395011705793,-0.06030781281255948,-0.08863995502441234,-0.16009422850956884,-0.059642140809526595,-0.047301299894223485,-0.1656560079057193,-0.11140029121914485,0.13828140986872606,-0.10231369430420634,-0.06166381969236426,-0.38180949759475036,-0.01741153573059941,0.1618495621477131,0.2515372800074428,-0.34629147464514504,0.021303429196136318,-0.17753269460429044,-0.34543063211288527,-0.34738011804595886,-0.005020498189705683,-0.3736436452511001,0.13505341090396505,1.0,-0.0179946931597771,-0.04692873103988492,-0.026904932388490475,-0.3862029908561404,0.020367627737723853,-0.22600182009608005,-0.3853353506060569,-0.3878720322416843,0.07767670656424218,-0.10807079283874463,-0.04735518588871346,0.0037344973109021363,0.020646706584772856,-0.18006098137403495,-0.19541143886344137,-0.29248352111133935,0.023383966743792315,-0.17655103275389025,-0.2897548619244707,-0.2958864887916644,0.14548898149016173,0.010316041754962077,-0.17141869978560637,-0.38935452548954524,-0.16046417041980537,-0.3458905075659576,-0.38633946870956937,-0.2912628886954029,-0.341884903679866,-0.2451567154273992,-0.04581311004412635,-0.08448226649790047,-0.14006742655945317,-0.11661575071968007,-0.048659562084957454,-0.02702100133851622,-0.15654438937379056,0.07996330105237223,-0.03921190015396861,-0.39103380445134556,0.13174401685410142,0.32627730029169655,-0.3795013504812071,0.26527099897406,0.17647943580014838,-0.234240253461431,0.2562439996765184,0.07541666588426325
u3_mean,-0.21681590752323604,-0.04268809049378313,-0.040428082409295116,0.01095970722972134,-0.007823584050811287,0.009428299170522004,0.010855621756729217,0.012633130160486386,0.002592473705684981,0.00992362598825831,-0.032323993708720224,-0.01908836243334917,0.057361119288048386,-0.03230231683259607,-0.033807736707800844,0.0154399260390402,0.0058774080604610335,0.01600731584652536,0.014958005705240147,0.015401114422113102,-0.0012487331042373977,0.007752766550163836,-0.024547121364637575,-0.0179946931597771,1.0,-0.011912637413314275,-0.019087835031759436,0.01654978868614454,-8.598007259570945e-05,0.01650922866453984,0.016444023559622288,0.013856543789310794,-0.028106515844019898,0.004203705902634725,-0.008228917405178286,0.006620011238272384,-0.541596671050226,0.026179323795381935,0.010311657025471776,0.015330462731534938,-0.003919698643695532,0.01109158291287959,0.015165198698524734,0.015464137431070125,-0.014311074989705857,-0.009623720090904113,0.009029673542799878,0.037435605074569146,0.011158546255947513,0.015263921427214527,0.016248224037673148,0.01551659676439169,0.025734802462101136,0.011859209781811398,-0.011147753936753406,0.02216553554936021,-0.0006140763494717115,-0.0014145030209426423,-0.01964906477236911,-0.01840995302471483,0.014297510227263548,-0.02310588410322193,-0.033039201555064124,0.015616935416331532,-0.021151105662918536,-0.029374262837283834,0.01799000407348967,-0.026182074396678967,-0.02230796456340614,0.012961004183289904,-0.02329673040988273,-0.021895197563349452
u3_var,-0.01493313856846625,0.6360277406549534,0.562494578364904,0.21267146555438407,0.038674351122303,0.014428038045696428,0.2104348433636012,0.17713414216921763,-0.14991251616057766,0.01603102978005326,0.5535804410960898,-0.2515807684412464,-0.004893032367476383,0.8262579104409836,0.7383293557168332,0.26460502730029406,-0.003112562747017973,0.009907694136387145,0.26394674529123424,0.25020952057032014,-0.19080519680297747,-0.12138932761842908,0.72979980209091,-0.04692873103988492,-0.011912637413314275,1.0,0.896133314499001,0.19153274114548013,0.05754174172777766,-0.07249412978474504,0.18978345828018234,0.18438850353081673,-0.2356383252805362,-0.2346329471629306,0.9089165059778535,0.33285267014125336,0.01226002591845817,0.7368044457705504,0.7432224930051567,0.042599941071358186,-0.0013820655691887665,-0.12260708734786784,0.04236198474867826,0.037857430077720626,-0.2464904566403412,-0.24103802538294108,0.7116660756686668,0.13840865752771292,0.21314775241662792,0.2640973918994603,0.1918195615162176,0.0415810751270318,0.277347224493867,-0.05254949313068904,0.5781662434311968,0.09556376000023073,0.32048365753877284,-0.05543830431756497,0.5638765282674794,0.5573829548554824,0.20666945176364152,-0.1117175685511135,0.3267750242526914,0.20351809092435003,-0.16959799702457473,0.351299242469569,0.11217227973155755,-0.15229659603845377,0.3992278373876601,-0.024871087758377847,-0.062059934384539786,0.429725574030173
